{
 "cells": [
  {
   "cell_type": "code",
   "execution_count": 172,
   "metadata": {},
   "outputs": [
    {
     "name": "stdout",
     "output_type": "stream",
     "text": [
      "Populating the interactive namespace from numpy and matplotlib\n"
     ]
    }
   ],
   "source": [
    "%pylab inline"
   ]
  },
  {
   "cell_type": "code",
   "execution_count": 173,
   "metadata": {
    "collapsed": true
   },
   "outputs": [],
   "source": [
    "from datetime import date\n",
    "import numpy as np\n",
    "import pandas as pd\n",
    "from matplotlib import pyplot as plt"
   ]
  },
  {
   "cell_type": "code",
   "execution_count": 174,
   "metadata": {
    "collapsed": true
   },
   "outputs": [],
   "source": [
    "def get_names(dataframe):\n",
    "    cols = dataframe.columns\n",
    "    s = set()\n",
    "    for col in cols:\n",
    "        s.add(col[:col.find(\"_\")])\n",
    "    return list(s)"
   ]
  },
  {
   "cell_type": "code",
   "execution_count": 175,
   "metadata": {},
   "outputs": [],
   "source": [
    "data = pd.read_csv(\"./data.csv\")"
   ]
  },
  {
   "cell_type": "code",
   "execution_count": 176,
   "metadata": {},
   "outputs": [],
   "source": [
    "data.set_index(\"Date\", inplace=True)\n",
    "data.index = pd.to_datetime(data.index)"
   ]
  },
  {
   "cell_type": "code",
   "execution_count": 177,
   "metadata": {
    "collapsed": true
   },
   "outputs": [],
   "source": [
    "all_stocks = get_names(data)\n",
    "use_stocks = [\"GOOGL\", \"AAPL\", \"NFLX\", \"AMZN\", \"QCOM\"]"
   ]
  },
  {
   "cell_type": "code",
   "execution_count": 178,
   "metadata": {},
   "outputs": [],
   "source": [
    "def select_stocks(dataframe, stocks):\n",
    "    transformed = list(map(lambda x : x + \"_Cls%\", stocks))\n",
    "    selected = dataframe[transformed]\n",
    "    selected.columns = stocks\n",
    "    return selected"
   ]
  },
  {
   "cell_type": "code",
   "execution_count": 179,
   "metadata": {},
   "outputs": [],
   "source": [
    "selected = select_stocks(data, use_stocks)\n",
    "selected_all = select_stocks(data, all_stocks)"
   ]
  },
  {
   "cell_type": "code",
   "execution_count": 180,
   "metadata": {},
   "outputs": [
    {
     "data": {
      "text/html": [
       "<div>\n",
       "<style>\n",
       "    .dataframe thead tr:only-child th {\n",
       "        text-align: right;\n",
       "    }\n",
       "\n",
       "    .dataframe thead th {\n",
       "        text-align: left;\n",
       "    }\n",
       "\n",
       "    .dataframe tbody tr th {\n",
       "        vertical-align: top;\n",
       "    }\n",
       "</style>\n",
       "<table border=\"1\" class=\"dataframe\">\n",
       "  <thead>\n",
       "    <tr style=\"text-align: right;\">\n",
       "      <th></th>\n",
       "      <th>GOOGL</th>\n",
       "      <th>AAPL</th>\n",
       "      <th>NFLX</th>\n",
       "      <th>AMZN</th>\n",
       "      <th>QCOM</th>\n",
       "    </tr>\n",
       "  </thead>\n",
       "  <tbody>\n",
       "    <tr>\n",
       "      <th>GOOGL</th>\n",
       "      <td>1.000000</td>\n",
       "      <td>0.416795</td>\n",
       "      <td>0.374801</td>\n",
       "      <td>0.591385</td>\n",
       "      <td>0.238788</td>\n",
       "    </tr>\n",
       "    <tr>\n",
       "      <th>AAPL</th>\n",
       "      <td>0.416795</td>\n",
       "      <td>1.000000</td>\n",
       "      <td>0.274691</td>\n",
       "      <td>0.357770</td>\n",
       "      <td>0.344152</td>\n",
       "    </tr>\n",
       "    <tr>\n",
       "      <th>NFLX</th>\n",
       "      <td>0.374801</td>\n",
       "      <td>0.274691</td>\n",
       "      <td>1.000000</td>\n",
       "      <td>0.350237</td>\n",
       "      <td>0.178725</td>\n",
       "    </tr>\n",
       "    <tr>\n",
       "      <th>AMZN</th>\n",
       "      <td>0.591385</td>\n",
       "      <td>0.357770</td>\n",
       "      <td>0.350237</td>\n",
       "      <td>1.000000</td>\n",
       "      <td>0.169544</td>\n",
       "    </tr>\n",
       "    <tr>\n",
       "      <th>QCOM</th>\n",
       "      <td>0.238788</td>\n",
       "      <td>0.344152</td>\n",
       "      <td>0.178725</td>\n",
       "      <td>0.169544</td>\n",
       "      <td>1.000000</td>\n",
       "    </tr>\n",
       "  </tbody>\n",
       "</table>\n",
       "</div>"
      ],
      "text/plain": [
       "          GOOGL      AAPL      NFLX      AMZN      QCOM\n",
       "GOOGL  1.000000  0.416795  0.374801  0.591385  0.238788\n",
       "AAPL   0.416795  1.000000  0.274691  0.357770  0.344152\n",
       "NFLX   0.374801  0.274691  1.000000  0.350237  0.178725\n",
       "AMZN   0.591385  0.357770  0.350237  1.000000  0.169544\n",
       "QCOM   0.238788  0.344152  0.178725  0.169544  1.000000"
      ]
     },
     "execution_count": 180,
     "metadata": {},
     "output_type": "execute_result"
    }
   ],
   "source": [
    "selected[\"2015-1-1\" : \"2017-1-1\"].corr()"
   ]
  },
  {
   "cell_type": "code",
   "execution_count": 193,
   "metadata": {},
   "outputs": [
    {
     "data": {
      "text/html": [
       "<div>\n",
       "<style>\n",
       "    .dataframe thead tr:only-child th {\n",
       "        text-align: right;\n",
       "    }\n",
       "\n",
       "    .dataframe thead th {\n",
       "        text-align: left;\n",
       "    }\n",
       "\n",
       "    .dataframe tbody tr th {\n",
       "        vertical-align: top;\n",
       "    }\n",
       "</style>\n",
       "<table border=\"1\" class=\"dataframe\">\n",
       "  <thead>\n",
       "    <tr style=\"text-align: right;\">\n",
       "      <th></th>\n",
       "      <th>GOOGL</th>\n",
       "      <th>AAPL</th>\n",
       "      <th>QCOM</th>\n",
       "      <th>AMZN</th>\n",
       "      <th>T</th>\n",
       "      <th>NFLX</th>\n",
       "      <th>SPY</th>\n",
       "      <th>USB</th>\n",
       "      <th>JPM</th>\n",
       "      <th>MSFT</th>\n",
       "      <th>CAT</th>\n",
       "    </tr>\n",
       "  </thead>\n",
       "  <tbody>\n",
       "    <tr>\n",
       "      <th>GOOGL</th>\n",
       "      <td>1.000000</td>\n",
       "      <td>0.416795</td>\n",
       "      <td>0.238788</td>\n",
       "      <td>0.591385</td>\n",
       "      <td>0.336152</td>\n",
       "      <td>0.374801</td>\n",
       "      <td>0.587426</td>\n",
       "      <td>0.377553</td>\n",
       "      <td>0.374936</td>\n",
       "      <td>0.567489</td>\n",
       "      <td>0.262104</td>\n",
       "    </tr>\n",
       "    <tr>\n",
       "      <th>AAPL</th>\n",
       "      <td>0.416795</td>\n",
       "      <td>1.000000</td>\n",
       "      <td>0.344152</td>\n",
       "      <td>0.357770</td>\n",
       "      <td>0.346669</td>\n",
       "      <td>0.274691</td>\n",
       "      <td>0.623257</td>\n",
       "      <td>0.458133</td>\n",
       "      <td>0.434869</td>\n",
       "      <td>0.509821</td>\n",
       "      <td>0.393876</td>\n",
       "    </tr>\n",
       "    <tr>\n",
       "      <th>QCOM</th>\n",
       "      <td>0.238788</td>\n",
       "      <td>0.344152</td>\n",
       "      <td>1.000000</td>\n",
       "      <td>0.169544</td>\n",
       "      <td>0.298743</td>\n",
       "      <td>0.178725</td>\n",
       "      <td>0.507809</td>\n",
       "      <td>0.407578</td>\n",
       "      <td>0.385309</td>\n",
       "      <td>0.367178</td>\n",
       "      <td>0.366524</td>\n",
       "    </tr>\n",
       "    <tr>\n",
       "      <th>AMZN</th>\n",
       "      <td>0.591385</td>\n",
       "      <td>0.357770</td>\n",
       "      <td>0.169544</td>\n",
       "      <td>1.000000</td>\n",
       "      <td>0.284481</td>\n",
       "      <td>0.350237</td>\n",
       "      <td>0.502194</td>\n",
       "      <td>0.333731</td>\n",
       "      <td>0.326273</td>\n",
       "      <td>0.511568</td>\n",
       "      <td>0.237850</td>\n",
       "    </tr>\n",
       "    <tr>\n",
       "      <th>T</th>\n",
       "      <td>0.336152</td>\n",
       "      <td>0.346669</td>\n",
       "      <td>0.298743</td>\n",
       "      <td>0.284481</td>\n",
       "      <td>1.000000</td>\n",
       "      <td>0.185039</td>\n",
       "      <td>0.589626</td>\n",
       "      <td>0.408969</td>\n",
       "      <td>0.370577</td>\n",
       "      <td>0.382341</td>\n",
       "      <td>0.388112</td>\n",
       "    </tr>\n",
       "    <tr>\n",
       "      <th>NFLX</th>\n",
       "      <td>0.374801</td>\n",
       "      <td>0.274691</td>\n",
       "      <td>0.178725</td>\n",
       "      <td>0.350237</td>\n",
       "      <td>0.185039</td>\n",
       "      <td>1.000000</td>\n",
       "      <td>0.400815</td>\n",
       "      <td>0.293826</td>\n",
       "      <td>0.279328</td>\n",
       "      <td>0.305914</td>\n",
       "      <td>0.213801</td>\n",
       "    </tr>\n",
       "    <tr>\n",
       "      <th>SPY</th>\n",
       "      <td>0.587426</td>\n",
       "      <td>0.623257</td>\n",
       "      <td>0.507809</td>\n",
       "      <td>0.502194</td>\n",
       "      <td>0.589626</td>\n",
       "      <td>0.400815</td>\n",
       "      <td>1.000000</td>\n",
       "      <td>0.798633</td>\n",
       "      <td>0.801877</td>\n",
       "      <td>0.691598</td>\n",
       "      <td>0.641215</td>\n",
       "    </tr>\n",
       "    <tr>\n",
       "      <th>USB</th>\n",
       "      <td>0.377553</td>\n",
       "      <td>0.458133</td>\n",
       "      <td>0.407578</td>\n",
       "      <td>0.333731</td>\n",
       "      <td>0.408969</td>\n",
       "      <td>0.293826</td>\n",
       "      <td>0.798633</td>\n",
       "      <td>1.000000</td>\n",
       "      <td>0.885137</td>\n",
       "      <td>0.504135</td>\n",
       "      <td>0.555224</td>\n",
       "    </tr>\n",
       "    <tr>\n",
       "      <th>JPM</th>\n",
       "      <td>0.374936</td>\n",
       "      <td>0.434869</td>\n",
       "      <td>0.385309</td>\n",
       "      <td>0.326273</td>\n",
       "      <td>0.370577</td>\n",
       "      <td>0.279328</td>\n",
       "      <td>0.801877</td>\n",
       "      <td>0.885137</td>\n",
       "      <td>1.000000</td>\n",
       "      <td>0.495156</td>\n",
       "      <td>0.568028</td>\n",
       "    </tr>\n",
       "    <tr>\n",
       "      <th>MSFT</th>\n",
       "      <td>0.567489</td>\n",
       "      <td>0.509821</td>\n",
       "      <td>0.367178</td>\n",
       "      <td>0.511568</td>\n",
       "      <td>0.382341</td>\n",
       "      <td>0.305914</td>\n",
       "      <td>0.691598</td>\n",
       "      <td>0.504135</td>\n",
       "      <td>0.495156</td>\n",
       "      <td>1.000000</td>\n",
       "      <td>0.403874</td>\n",
       "    </tr>\n",
       "    <tr>\n",
       "      <th>CAT</th>\n",
       "      <td>0.262104</td>\n",
       "      <td>0.393876</td>\n",
       "      <td>0.366524</td>\n",
       "      <td>0.237850</td>\n",
       "      <td>0.388112</td>\n",
       "      <td>0.213801</td>\n",
       "      <td>0.641215</td>\n",
       "      <td>0.555224</td>\n",
       "      <td>0.568028</td>\n",
       "      <td>0.403874</td>\n",
       "      <td>1.000000</td>\n",
       "    </tr>\n",
       "  </tbody>\n",
       "</table>\n",
       "</div>"
      ],
      "text/plain": [
       "          GOOGL      AAPL      QCOM      AMZN         T      NFLX       SPY  \\\n",
       "GOOGL  1.000000  0.416795  0.238788  0.591385  0.336152  0.374801  0.587426   \n",
       "AAPL   0.416795  1.000000  0.344152  0.357770  0.346669  0.274691  0.623257   \n",
       "QCOM   0.238788  0.344152  1.000000  0.169544  0.298743  0.178725  0.507809   \n",
       "AMZN   0.591385  0.357770  0.169544  1.000000  0.284481  0.350237  0.502194   \n",
       "T      0.336152  0.346669  0.298743  0.284481  1.000000  0.185039  0.589626   \n",
       "NFLX   0.374801  0.274691  0.178725  0.350237  0.185039  1.000000  0.400815   \n",
       "SPY    0.587426  0.623257  0.507809  0.502194  0.589626  0.400815  1.000000   \n",
       "USB    0.377553  0.458133  0.407578  0.333731  0.408969  0.293826  0.798633   \n",
       "JPM    0.374936  0.434869  0.385309  0.326273  0.370577  0.279328  0.801877   \n",
       "MSFT   0.567489  0.509821  0.367178  0.511568  0.382341  0.305914  0.691598   \n",
       "CAT    0.262104  0.393876  0.366524  0.237850  0.388112  0.213801  0.641215   \n",
       "\n",
       "            USB       JPM      MSFT       CAT  \n",
       "GOOGL  0.377553  0.374936  0.567489  0.262104  \n",
       "AAPL   0.458133  0.434869  0.509821  0.393876  \n",
       "QCOM   0.407578  0.385309  0.367178  0.366524  \n",
       "AMZN   0.333731  0.326273  0.511568  0.237850  \n",
       "T      0.408969  0.370577  0.382341  0.388112  \n",
       "NFLX   0.293826  0.279328  0.305914  0.213801  \n",
       "SPY    0.798633  0.801877  0.691598  0.641215  \n",
       "USB    1.000000  0.885137  0.504135  0.555224  \n",
       "JPM    0.885137  1.000000  0.495156  0.568028  \n",
       "MSFT   0.504135  0.495156  1.000000  0.403874  \n",
       "CAT    0.555224  0.568028  0.403874  1.000000  "
      ]
     },
     "execution_count": 193,
     "metadata": {},
     "output_type": "execute_result"
    }
   ],
   "source": [
    "selected_all[[\"GOOGL\", \"AAPL\", \"QCOM\", \"AMZN\", \"T\", \"NFLX\", \"SPY\", \"USB\", \"JPM\", \"MSFT\", \"CAT\"]][\"2015-1-1\" : \"2017-1-1\"].corr()"
   ]
  },
  {
   "cell_type": "code",
   "execution_count": 190,
   "metadata": {},
   "outputs": [
    {
     "data": {
      "text/plain": [
       "['QCOM',\n",
       " 'T',\n",
       " 'AMZN',\n",
       " 'IBM',\n",
       " 'VZ',\n",
       " 'GILD',\n",
       " 'SLB',\n",
       " 'HON',\n",
       " 'CAT',\n",
       " 'JPM',\n",
       " 'CMCSA',\n",
       " 'BRK.B',\n",
       " 'AMGN',\n",
       " 'LLY',\n",
       " 'TXN',\n",
       " 'CELG',\n",
       " 'PG',\n",
       " 'PEP',\n",
       " 'LMT',\n",
       " 'HD',\n",
       " 'UNH',\n",
       " 'WBA',\n",
       " 'GS',\n",
       " 'SPY',\n",
       " 'WFC',\n",
       " 'DWDP',\n",
       " 'UPS',\n",
       " 'UNP',\n",
       " 'COST',\n",
       " 'BA',\n",
       " 'MCD',\n",
       " 'TMO',\n",
       " 'INTC',\n",
       " 'XOM',\n",
       " 'C',\n",
       " 'NVDA',\n",
       " 'JNJ',\n",
       " 'GE',\n",
       " 'NFLX',\n",
       " 'CRM',\n",
       " 'AXP',\n",
       " 'USB',\n",
       " 'DIS',\n",
       " 'CVS',\n",
       " 'KO',\n",
       " 'AAPL',\n",
       " 'CSCO',\n",
       " 'MDT',\n",
       " 'MS',\n",
       " 'WMT',\n",
       " 'GOOGL',\n",
       " 'BMY',\n",
       " 'NEE',\n",
       " 'PFE',\n",
       " 'ORCL',\n",
       " 'SBUX',\n",
       " 'TWX',\n",
       " 'CVX',\n",
       " 'MSFT',\n",
       " 'MMM',\n",
       " 'NKE',\n",
       " 'BAC',\n",
       " 'MO',\n",
       " 'ABT',\n",
       " 'MRK',\n",
       " 'ADBE',\n",
       " 'UTX',\n",
       " 'ACN']"
      ]
     },
     "execution_count": 190,
     "metadata": {},
     "output_type": "execute_result"
    }
   ],
   "source": [
    "all_stocks"
   ]
  },
  {
   "cell_type": "code",
   "execution_count": null,
   "metadata": {
    "collapsed": true
   },
   "outputs": [],
   "source": []
  }
 ],
 "metadata": {
  "kernelspec": {
   "display_name": "Python [default]",
   "language": "python",
   "name": "python3"
  },
  "language_info": {
   "codemirror_mode": {
    "name": "ipython",
    "version": 3
   },
   "file_extension": ".py",
   "mimetype": "text/x-python",
   "name": "python",
   "nbconvert_exporter": "python",
   "pygments_lexer": "ipython3",
   "version": "3.5.3"
  }
 },
 "nbformat": 4,
 "nbformat_minor": 2
}
